3.825001 0.221758
3.825011 0.660125
3.825021 0.858180
3.825031 0.465533
3.825041 0.951714
3.825051 0.175779
3.825061 0.554176
3.825071 0.945038
3.825081 0.198677
3.825091 0.608970
3.825101 0.910852
3.825111 0.310602
3.825121 0.819065
3.825131 0.566874
3.825141 0.939176
3.825151 0.218508
3.825161 0.653191
3.825171 0.866524
3.825181 0.442420
3.825191 0.943613
3.825202 0.203528
3.825212 0.620083
3.825222 0.901144
3.825232 0.340764
3.825242 0.859315
3.825252 0.462444
3.825262 0.950918
3.825272 0.178538
3.825282 0.561022
3.825292 0.942076
3.825302 0.208741
3.825312 0.631819
3.825322 0.889858
3.825332 0.374921
3.825342 0.896487
3.825352 0.354984
3.825362 0.875893
3.825372 0.415835
3.825382 0.929245
3.825392 0.251514
3.825402 0.720148
3.825412 0.770951
3.825422 0.675512
3.825432 0.838515
3.825442 0.517992
3.825452 0.955122
3.825462 0.163973
3.825472 0.524418
3.825482 0.954087
3.825492 0.167575
3.825502 0.533631
3.825512 0.952049
3.825522 0.174642
3.825532 0.551420
3.825542 0.946268
3.825552 0.194508
3.825562 0.599367
3.825572 0.918617
3.825582 0.285997
3.825592 0.781195
3.825602 0.653906
3.825612 0.865783
3.825622 0.444546
3.825632 0.944641
3.825642 0.200058
3.825652 0.612236
3.825662 0.908221
3.825672 0.318890
3.825682 0.830933
3.825692 0.537446
3.825702 0.951059
3.825712 0.178071
3.825722 0.559938
3.825732 0.942686
3.825742 0.206700
3.825752 0.627326
3.825762 0.894415
3.825772 0.361292
3.825782 0.882835
3.825792 0.395728
3.825802 0.914851
3.825812 0.298024
3.825822 0.800382
3.825832 0.611254
3.825842 0.909104
3.825852 0.316144
3.825862 0.827138
3.825872 0.547026
3.825882 0.948008
3.825892 0.188575
3.825902 0.585416
3.825912 0.928562
3.825922 0.253790
3.825933 0.724556
3.825943 0.763559
3.825953 0.690724
3.825963 0.817317
3.825973 0.571254
3.825983 0.937068
3.825993 0.225624
3.826003 0.668468
3.826013 0.847913
3.826023 0.493390
3.826033 0.956338
3.826043 0.159757
3.826053 0.513588
3.826063 0.955807
3.826073 0.161614
3.826083 0.518412
3.826093 0.955224
3.826103 0.163648
3.826113 0.523667
3.826123 0.954385
3.826133 0.166567
3.826143 0.531154
3.826153 0.952822
3.826163 0.171994
3.826173 0.544891
3.826183 0.948833
3.826193 0.185758
3.826203 0.578719
3.826213 0.932841
3.826223 0.239708
3.826233 0.697321
3.826243 0.807582
3.826253 0.594573
3.826263 0.922341
3.826273 0.274067
3.826283 0.761254
3.826293 0.695413
3.826303 0.810461
3.826313 0.587773
3.826323 0.927100
3.826333 0.258604
3.826343 0.733615
3.826353 0.747760
3.826363 0.721707
3.826373 0.768509
3.826383 0.680722
3.826393 0.831624
3.826403 0.535792
3.826413 0.951699
3.826423 0.175893
3.826433 0.554658
3.826443 0.945177
3.826453 0.198277
3.826463 0.608266
3.826473 0.911764
3.826483 0.307843
3.826493 0.815330
3.826503 0.576143
3.826513 0.934441
3.826523 0.234417
3.826533 0.686730
3.826543 0.823209
3.826553 0.556900
3.826563 0.944250
3.826573 0.201439
3.826583 0.615548
3.826593 0.905555
3.826603 0.327269
3.826613 0.842480
3.826623 0.507820
3.826633 0.956422
3.826643 0.159491
3.826653 0.512974
3.826663 0.956019
3.826674 0.160898
3.826684 0.516638
3.826694 0.955612
3.826704 0.162321
3.826714 0.520328
3.826724 0.955097
3.826734 0.164115
3.826744 0.524957
3.826754 0.954302
3.826764 0.166882
3.826774 0.532045
3.826784 0.952764
3.826794 0.172224
3.826804 0.545559
3.826814 0.948758
3.826824 0.186046
3.826834 0.579507
3.826844 0.932518
3.826854 0.240817
3.826864 0.699642
3.826874 0.804190
3.826884 0.602613
3.826894 0.916426
3.826904 0.293098
3.826914 0.792903
3.826924 0.628409
3.826934 0.893629
3.826944 0.363774
3.826954 0.885717
3.826964 0.387374
3.826974 0.908197
3.826984 0.319075
3.826994 0.831474
3.827004 0.536258
3.827014 0.951720
3.827024 0.175848
3.827034 0.554633
3.827044 0.945336
3.827054 0.197767
3.827064 0.607183
3.827074 0.912800
3.827084 0.304619
3.827094 0.810678
3.827104 0.587380
3.827114 0.927555
3.827124 0.257170
3.827134 0.731109
3.827144 0.752371
3.827154 0.713031
3.827164 0.783104
3.827174 0.650051
3.827184 0.870623
3.827194 0.431087
3.827204 0.938623
3.827214 0.220483
3.827224 0.657785
3.827234 0.861523
3.827244 0.456594
3.827254 0.949600
3.827264 0.183171
3.827274 0.572632
3.827284 0.936628
3.827294 0.227173
3.827304 0.671940
3.827314 0.843678
3.827324 0.504767
3.827334 0.956744
3.827344 0.158393
3.827354 0.510204
3.827364 0.956440
3.827374 0.159457
3.827384 0.512986
3.827394 0.956201
3.827404 0.160295
3.827415 0.515170
3.827425 0.955973
3.827435 0.161092
3.827445 0.517244
3.827455 0.955723
3.827465 0.161964
3.827475 0.519509
3.827485 0.955412
3.827495 0.163051
3.827505 0.522320
3.827515 0.954969
3.827525 0.164594
3.827535 0.526296
3.827545 0.954237
3.827555 0.167144
3.827565 0.532822
3.827575 0.952768
3.827585 0.172246
3.827595 0.545726
3.827605 0.948896
3.827615 0.185611
3.827625 0.578580
3.827635 0.933271
3.827645 0.238371
3.827655 0.694909
3.827665 0.811503
3.827675 0.585502
3.827685 0.928936
3.827695 0.252680
3.827705 0.722794
3.827715 0.766930
3.827725 0.684197
3.827735 0.827061
3.827745 0.547484
3.827755 0.948306
3.827765 0.187644
3.827775 0.583481
3.827785 0.930268
3.827795 0.248308
3.827805 0.714462
3.827815 0.780896
3.827825 0.654930
3.827835 0.865076
3.827845 0.446784
3.827855 0.946121
3.827865 0.195129
3.827875 0.601181
3.827885 0.917781
3.827895 0.288850
3.827905 0.786309
3.827915 0.643192
3.827925 0.878491
3.827935 0.408610
3.827945 0.925012
3.827955 0.265525
3.827965 0.746533
3.827975 0.724334
3.827985 0.764348
3.827995 0.689497
3.828005 0.819539
3.828015 0.566141
3.828025 0.940258
3.828035 0.215033
3.828045 0.646148
3.828055 0.875247
3.828065 0.417984
3.828075 0.931266
3.828085 0.245033
3.828095 0.708164
3.828105 0.791144
3.828115 0.632538
3.828125 0.889783
3.828135 0.375421
3.828146 0.897621
3.828156 0.351796
3.828166 0.872955
3.828176 0.424560
3.828186 0.935257
3.828196 0.231802
3.828206 0.681685
3.828216 0.830684
3.828226 0.538431
3.828236 0.951402
3.828246 0.177002
3.828256 0.557669
3.828266 0.944332
3.828276 0.201247
3.828286 0.615382
3.828296 0.906105
3.828306 0.325706
3.828316 0.840779
3.828326 0.512496
3.828336 0.956484
3.828346 0.159346
3.828356 0.512824
3.828366 0.956459
3.828376 0.159432
3.828386 0.513053
3.828396 0.956444
3.828406 0.159486
3.828416 0.513199
3.828426 0.956437
3.828436 0.159512
3.828446 0.513272
3.828456 0.956437
3.828466 0.159513
3.828476 0.513277
3.828486 0.956444
3.828496 0.159490
3.828506 0.513222
3.828516 0.956457
3.828526 0.159446
3.828536 0.513109
3.828546 0.956476
3.828556 0.159381
3.828566 0.512944
3.828576 0.956500
3.828586 0.159298
3.828596 0.512734
3.828606 0.956528
3.828616 0.159201
3.828626 0.512483
3.828636 0.956560
3.828646 0.159091
3.828656 0.512201
3.828666 0.956594
3.828676 0.158973
3.828686 0.511897
3.828696 0.956630
3.828706 0.158850
3.828716 0.511580
3.828726 0.956666
3.828736 0.158725
3.828746 0.511257
3.828756 0.956701
3.828766 0.158602
3.828776 0.510939
3.828786 0.956736
3.828796 0.158482
3.828806 0.510629
3.828816 0.956769
3.828826 0.158368
3.828836 0.510334
3.828846 0.956800
3.828856 0.158260
3.828866 0.510056
3.828876 0.956829
3.828887 0.158159
3.828897 0.509796
3.828907 0.956857
3.828917 0.158065
3.828927 0.509553
3.828937 0.956882
3.828947 0.157977
3.828957 0.509327
3.828967 0.956906
3.828977 0.157894
3.828987 0.509115
3.828997 0.956928
3.829007 0.157817
3.829017 0.508917
3.829027 0.956950
3.829037 0.157744
3.829047 0.508730
3.829057 0.956970
3.829067 0.157675
3.829077 0.508552
3.829087 0.956989
3.829097 0.157609
3.829107 0.508383
3.829117 0.957008
3.829127 0.157545
3.829137 0.508220
3.829147 0.957026
3.829157 0.157484
3.829167 0.508063
3.829177 0.957043
3.829187 0.157425
3.829197 0.507911
3.829207 0.957060
3.829217 0.157367
3.829227 0.507765
3.829237 0.957076
3.829247 0.157311
3.829257 0.507623
3.829267 0.957092
3.829277 0.157257
3.829287 0.507484
3.829297 0.957107
3.829307 0.157204
3.829317 0.507348
3.829327 0.957123
3.829337 0.157152
3.829347 0.507215
3.829357 0.957137
3.829367 0.157101
3.829377 0.507085
3.829387 0.957152
3.829397 0.157051
3.829407 0.506958
3.829417 0.957166
3.829427 0.157002
3.829437 0.506833
3.829447 0.957181
3.829457 0.156953
3.829467 0.506710
3.829477 0.957194
3.829487 0.156906
3.829497 0.506590
3.829507 0.957208
3.829517 0.156860
3.829527 0.506472
3.829537 0.957221
3.829547 0.156814
3.829557 0.506356
3.829567 0.957235
3.829577 0.156769
3.829587 0.506241
3.829597 0.957248
3.829607 0.156724
3.829618 0.506128
3.829628 0.957261
3.829638 0.156681
3.829648 0.506017
3.829658 0.957273
3.829668 0.156638
3.829678 0.505908
3.829688 0.957286
3.829698 0.156595
3.829708 0.505800
3.829718 0.957298
3.829728 0.156553
3.829738 0.505693
3.829748 0.957310
3.829758 0.156511
3.829768 0.505588
3.829778 0.957322
3.829788 0.156470
3.829798 0.505484
3.829808 0.957334
3.829818 0.156430
3.829828 0.505382
3.829838 0.957346
3.829848 0.156390
3.829858 0.505280
3.829868 0.957358
3.829878 0.156350
3.829888 0.505179
3.829898 0.957369
3.829908 0.156311
3.829918 0.505081
3.829928 0.957381
3.829938 0.156272
3.829948 0.504982
3.829958 0.957392
3.829968 0.156234
3.829978 0.504885
3.829988 0.957403
3.829998 0.156196
3.830008 0.504790
3.830018 0.957414
3.830028 0.156159
3.830038 0.504695
3.830048 0.957425
3.830058 0.156122
3.830068 0.504601
3.830078 0.957436
3.830088 0.156085
3.830098 0.504508
3.830108 0.957447
3.830118 0.156048
3.830128 0.504415
3.830138 0.957457
3.830148 0.156012
3.830158 0.504325
3.830168 0.957468
3.830178 0.155976
3.830188 0.504234
3.830198 0.957478
3.830208 0.155941
3.830218 0.504145
3.830228 0.957489
3.830238 0.155906
3.830248 0.504056
3.830258 0.957499
3.830268 0.155871
3.830278 0.503968
3.830288 0.957509
3.830298 0.155836
3.830308 0.503881
3.830318 0.957519
3.830328 0.155802
3.830338 0.503794
3.830348 0.957529
3.830359 0.155768
3.830369 0.503709
3.830379 0.957539
3.830389 0.155734
3.830399 0.503624
3.830409 0.957549
3.830419 0.155701
3.830429 0.503539
3.830439 0.957559
3.830449 0.155668
3.830459 0.503456
3.830469 0.957569
3.830479 0.155634
3.830489 0.503372
3.830499 0.957579
3.830509 0.155602
3.830519 0.503290
3.830529 0.957588
3.830539 0.155569
3.830549 0.503208
3.830559 0.957598
3.830569 0.155537
3.830579 0.503127
3.830589 0.957607
3.830599 0.155505
3.830609 0.503047
3.830619 0.957617
3.830629 0.155473
3.830639 0.502966
3.830649 0.957626
3.830659 0.155442
3.830669 0.502888
3.830679 0.957635
3.830689 0.155410
3.830699 0.502809
3.830709 0.957645
3.830719 0.155379
3.830729 0.502730
3.830739 0.957654
3.830749 0.155348
3.830759 0.502653
3.830769 0.957663
3.830779 0.155318
3.830789 0.502575
3.830799 0.957672
3.830809 0.155287
3.830819 0.502499
3.830829 0.957681
3.830839 0.155257
3.830849 0.502422
3.830859 0.957690
3.830869 0.155227
3.830879 0.502347
3.830889 0.957699
3.830899 0.155197
3.830909 0.502272
3.830919 0.957708
3.830929 0.155167
3.830939 0.502197
3.830949 0.957716
3.830959 0.155137
3.830969 0.502122
3.830979 0.957725
3.830989 0.155108
3.830999 0.502049
3.831009 0.957734
3.831019 0.155078
3.831029 0.501975
3.831039 0.957742
3.831049 0.155049
3.831059 0.501902
3.831069 0.957751
3.831079 0.155021
3.831089 0.501830
3.831100 0.957760
3.831110 0.154992
3.831120 0.501758
3.831130 0.957768
3.831140 0.154963
3.831150 0.501686
3.831160 0.957777
3.831170 0.154935
3.831180 0.501614
3.831190 0.957785
3.831200 0.154906
3.831210 0.501544
3.831220 0.957793
3.831230 0.154878
3.831240 0.501474
3.831250 0.957802
3.831260 0.154850
3.831270 0.501404
3.831280 0.957810
3.831290 0.154822
3.831300 0.501333
3.831310 0.957818
3.831320 0.154795
3.831330 0.501264
3.831340 0.957826
3.831350 0.154767
3.831360 0.501195
3.831370 0.957834
3.831380 0.154740
3.831390 0.501127
3.831400 0.957843
3.831410 0.154712
3.831420 0.501058
3.831430 0.957851
3.831440 0.154685
3.831450 0.500991
3.831460 0.957859
3.831470 0.154658
3.831480 0.500923
3.831490 0.957867
3.831500 0.154631
3.831510 0.500856
3.831520 0.957875
3.831530 0.154605
3.831540 0.500789
3.831550 0.957883
3.831560 0.154578
3.831570 0.500722
3.831580 0.957891
3.831590 0.154551
3.831600 0.500656
3.831610 0.957898
3.831620 0.154525
3.831630 0.500590
3.831640 0.957906
3.831650 0.154499
3.831660 0.500525
3.831670 0.957914
3.831680 0.154473
3.831690 0.500459
3.831700 0.957922
3.831710 0.154447
3.831720 0.500395
3.831730 0.957929
3.831740 0.154421
3.831750 0.500330
3.831760 0.957937
3.831770 0.154395
3.831780 0.500266
3.831790 0.957945
3.831800 0.154369
3.831810 0.500201
3.831820 0.957952
3.831831 0.154344
3.831841 0.500138
3.831851 0.957960
3.831861 0.154318
3.831871 0.500074
3.831881 0.957968
3.831891 0.154293
3.831901 0.500011
3.831911 0.957975
3.831921 0.154268
3.831931 0.499948
3.831941 0.957983
3.831951 0.154243
3.831961 0.499886
3.831971 0.957990
3.831981 0.154218
3.831991 0.499823
3.832001 0.957998
3.832011 0.154193
3.832021 0.499761
3.832031 0.958005
3.832041 0.154168
3.832051 0.499699
3.832061 0.958012
3.832071 0.154144
3.832081 0.499638
3.832091 0.958020
3.832101 0.154119
3.832111 0.499576
3.832121 0.958027
3.832131 0.154094
3.832141 0.499515
3.832151 0.958034
3.832161 0.154070
3.832171 0.499455
3.832181 0.958042
3.832191 0.154046
3.832201 0.499394
3.832211 0.958049
3.832221 0.154021
3.832231 0.499334
3.832241 0.958056
3.832251 0.153997
3.832261 0.499273
3.832271 0.958063
3.832281 0.153973
3.832291 0.499214
3.832301 0.958070
3.832311 0.153949
3.832321 0.499154
3.832331 0.958078
3.832341 0.153925
3.832351 0.499094
3.832361 0.958085
3.832371 0.153902
3.832381 0.499035
3.832391 0.958092
3.832401 0.153878
3.832411 0.498978
3.832421 0.958099
3.832431 0.153854
3.832441 0.498918
3.832451 0.958106
3.832461 0.153831
3.832471 0.498860
3.832481 0.958113
3.832491 0.153808
3.832501 0.498802
3.832511 0.958120
3.832521 0.153784
3.832531 0.498744
3.832541 0.958127
3.832551 0.153761
3.832561 0.498685
3.832572 0.958134
3.832582 0.153738
3.832592 0.498629
3.832602 0.958141
3.832612 0.153715
3.832622 0.498571
3.832632 0.958148
3.832642 0.153692
3.832652 0.498514
3.832662 0.958154
3.832672 0.153669
3.832682 0.498457
3.832692 0.958161
3.832702 0.153646
3.832712 0.498399
3.832722 0.958168
3.832732 0.153623
3.832742 0.498343
3.832752 0.958175
3.832762 0.153600
3.832772 0.498287
3.832782 0.958182
3.832792 0.153578
3.832802 0.498230
3.832812 0.958188
3.832822 0.153555
3.832832 0.498175
3.832842 0.958195
3.832852 0.153533
3.832862 0.498119
3.832872 0.958202
3.832882 0.153510
3.832892 0.498063
3.832902 0.958209
3.832912 0.153488
3.832922 0.498009
3.832932 0.958215
3.832942 0.153466
3.832952 0.497954
3.832962 0.958222
3.832972 0.153444
3.832982 0.497899
3.832992 0.958229
3.833002 0.153421
3.833012 0.497843
3.833022 0.958235
3.833032 0.153400
3.833042 0.497789
3.833052 0.958242
3.833062 0.153378
3.833072 0.497734
3.833082 0.958248
3.833092 0.153356
3.833102 0.497680
3.833112 0.958255
3.833122 0.153334
3.833132 0.497626
3.833142 0.958261
3.833152 0.153312
3.833162 0.497571
3.833172 0.958268
3.833182 0.153291
3.833192 0.497518
3.833202 0.958274
3.833212 0.153269
3.833222 0.497464
3.833232 0.958281
3.833242 0.153247
3.833252 0.497411
3.833262 0.958287
3.833272 0.153226
3.833282 0.497358
3.833292 0.958294
3.833302 0.153204
3.833313 0.497305
3.833323 0.958300
3.833333 0.153183
3.833343 0.497251
3.833353 0.958307
3.833363 0.153162
3.833373 0.497200
3.833383 0.958313
3.833393 0.153140
3.833403 0.497147
3.833413 0.958319
3.833423 0.153119
3.833433 0.497095
3.833443 0.958326
3.833453 0.153098
3.833463 0.497042
3.833473 0.958332
3.833483 0.153077
3.833493 0.496990
3.833503 0.958338
3.833513 0.153056
3.833523 0.496938
3.833533 0.958345
3.833543 0.153035
3.833553 0.496886
3.833563 0.958351
3.833573 0.153014
3.833583 0.496834
3.833593 0.958357
3.833603 0.152994
3.833613 0.496783
3.833623 0.958363
3.833633 0.152973
3.833643 0.496732
3.833653 0.958370
3.833663 0.152952
3.833673 0.496680
3.833683 0.958376
3.833693 0.152931
3.833703 0.496630
3.833713 0.958382
3.833723 0.152910
3.833733 0.496578
3.833743 0.958388
3.833753 0.152890
3.833763 0.496527
3.833773 0.958395
3.833783 0.152870
3.833793 0.496477
3.833803 0.958401
3.833813 0.152849
3.833823 0.496426
3.833833 0.958407
3.833843 0.152829
3.833853 0.496376
3.833863 0.958413
3.833873 0.152808
3.833883 0.496326
3.833893 0.958419
3.833903 0.152788
3.833913 0.496275
3.833923 0.958425
3.833933 0.152768
3.833943 0.496226
3.833953 0.958431
3.833963 0.152748
3.833973 0.496176
3.833983 0.958437
3.833993 0.152727
3.834003 0.496125
3.834013 0.958443
3.834023 0.152708
3.834033 0.496077
3.834044 0.958449
3.834054 0.152688
3.834064 0.496027
3.834074 0.958455
3.834084 0.152668
3.834094 0.495978
3.834104 0.958461
3.834114 0.152648
3.834124 0.495929
3.834134 0.958467
3.834144 0.152628
3.834154 0.495880
3.834164 0.958473
3.834174 0.152608
3.834184 0.495832
3.834194 0.958479
3.834204 0.152588
3.834214 0.495782
3.834224 0.958485
3.834234 0.152569
3.834244 0.495734
3.834254 0.958491
3.834264 0.152549
3.834274 0.495685
3.834284 0.958497
3.834294 0.152530
3.834304 0.495638
3.834314 0.958503
3.834324 0.152510
3.834334 0.495589
3.834344 0.958509
3.834354 0.152490
3.834364 0.495541
3.834374 0.958515
3.834384 0.152471
3.834394 0.495493
3.834404 0.958521
3.834414 0.152452
3.834424 0.495445
3.834434 0.958526
3.834444 0.152432
3.834454 0.495397
3.834464 0.958532
3.834474 0.152413
3.834484 0.495350
3.834494 0.958538
3.834504 0.152394
3.834514 0.495302
3.834524 0.958544
3.834534 0.152374
3.834544 0.495254
3.834554 0.958550
3.834564 0.152355
3.834574 0.495208
3.834584 0.958556
3.834594 0.152336
3.834604 0.495160
3.834614 0.958561
3.834624 0.152317
3.834634 0.495113
3.834644 0.958567
3.834654 0.152298
3.834664 0.495067
3.834674 0.958573
3.834684 0.152279
3.834694 0.495020
3.834704 0.958578
3.834714 0.152260
3.834724 0.494973
3.834734 0.958584
3.834744 0.152241
3.834754 0.494927
3.834764 0.958590
3.834774 0.152222
3.834785 0.494880
3.834795 0.958596
3.834805 0.152203
3.834815 0.494834
3.834825 0.958601
3.834835 0.152184
3.834845 0.494787
3.834855 0.958607
3.834865 0.152166
3.834875 0.494741
3.834885 0.958613
3.834895 0.152147
3.834905 0.494696
3.834915 0.958618
3.834925 0.152128
3.834935 0.494648
3.834945 0.958624
3.834955 0.152110
3.834965 0.494603
3.834975 0.958630
3.834985 0.152091
3.834995 0.494557
3.835005 0.958635
3.835015 0.152073
3.835025 0.494512
3.835035 0.958641
3.835045 0.152054
3.835055 0.494466
3.835065 0.958646
3.835075 0.152036
3.835085 0.494422
3.835095 0.958652
3.835105 0.152017
3.835115 0.494375
3.835125 0.958657
3.835135 0.151999
3.835145 0.494331
3.835155 0.958663
3.835165 0.151980
3.835175 0.494285
3.835185 0.958669
3.835195 0.151962
3.835205 0.494240
3.835215 0.958674
3.835225 0.151944
3.835235 0.494195
3.835245 0.958679
3.835255 0.151926
3.835265 0.494152
3.835275 0.958685
3.835285 0.151907
3.835295 0.494105
3.835305 0.958691
3.835315 0.151889
3.835325 0.494062
3.835335 0.958696
3.835345 0.151871
3.835355 0.494017
3.835365 0.958702
3.835375 0.151853
3.835385 0.493973
3.835395 0.958707
3.835405 0.151835
3.835415 0.493928
3.835425 0.958712
3.835435 0.151817
3.835445 0.493884
3.835455 0.958718
3.835465 0.151799
3.835475 0.493840
3.835485 0.958723
3.835495 0.151781
3.835505 0.493796
3.835515 0.958729
3.835526 0.151763
3.835536 0.493752
3.835546 0.958734
3.835556 0.151746
3.835566 0.493708
3.835576 0.958740
3.835586 0.151728
3.835596 0.493664
3.835606 0.958745
3.835616 0.151710
3.835626 0.493621
3.835636 0.958750
3.835646 0.151692
3.835656 0.493577
3.835666 0.958756
3.835676 0.151675
3.835686 0.493534
3.835696 0.958761
3.835706 0.151657
3.835716 0.493490
3.835726 0.958766
3.835736 0.151639
3.835746 0.493447
3.835756 0.958772
3.835766 0.151622
3.835776 0.493404
3.835786 0.958777
3.835796 0.151604
3.835806 0.493361
3.835816 0.958782
3.835826 0.151587
3.835836 0.493318
3.835846 0.958788
3.835856 0.151569
3.835866 0.493275
3.835876 0.958793
3.835886 0.151552
3.835896 0.493233
3.835906 0.958798
3.835916 0.151534
3.835926 0.493189
3.835936 0.958804
3.835946 0.151517
3.835956 0.493147
3.835966 0.958809
3.835976 0.151499
3.835986 0.493104
3.835996 0.958814
3.836006 0.151482
3.836016 0.493061
3.836026 0.958819
3.836036 0.151465
3.836046 0.493020
3.836056 0.958825
3.836066 0.151447
3.836076 0.492976
3.836086 0.958830
3.836096 0.151430
3.836106 0.492936
3.836116 0.958835
3.836126 0.151413
3.836136 0.492892
3.836146 0.958840
3.836156 0.151396
3.836166 0.492851
3.836176 0.958846
3.836186 0.151378
3.836196 0.492808
3.836206 0.958851
3.836216 0.151362
3.836226 0.492767
3.836236 0.958856
3.836246 0.151344
3.836257 0.492724
3.836267 0.958861
3.836277 0.151327
3.836287 0.492683
3.836297 0.958866
3.836307 0.151310
3.836317 0.492641
3.836327 0.958871
3.836337 0.151293
3.836347 0.492599
3.836357 0.958876
3.836367 0.151277
3.836377 0.492559
3.836387 0.958882
3.836397 0.151260
3.836407 0.492517
3.836417 0.958887
3.836427 0.151242
3.836437 0.492475
3.836447 0.958892
3.836457 0.151226
3.836467 0.492434
3.836477 0.958897
3.836487 0.151209
3.836497 0.492393
3.836507 0.958902
3.836517 0.151192
3.836527 0.492351
3.836537 0.958907
3.836547 0.151176
3.836557 0.492312
3.836567 0.958912
3.836577 0.151158
3.836587 0.492269
3.836597 0.958917
3.836607 0.151142
3.836617 0.492229
3.836627 0.958923
3.836637 0.151125
3.836647 0.492188
3.836657 0.958928
3.836667 0.151109
3.836677 0.492148
3.836687 0.958933
3.836697 0.151092
3.836707 0.492107
3.836717 0.958938
3.836727 0.151075
3.836737 0.492066
3.836747 0.958943
3.836757 0.151058
3.836767 0.492025
3.836777 0.958948
3.836787 0.151042
3.836797 0.491985
3.836807 0.958953
3.836817 0.151025
3.836827 0.491944
3.836837 0.958958
3.836847 0.151009
3.836857 0.491904
3.836867 0.958963
3.836877 0.150993
3.836887 0.491864
3.836897 0.958968
3.836907 0.150976
3.836917 0.491823
3.836927 0.958973
3.836937 0.150960
3.836947 0.491785
3.836957 0.958978
3.836967 0.150943
3.836977 0.491743
3.836987 0.958983
3.836998 0.150927
3.837008 0.491703
3.837018 0.958988
3.837028 0.150911
3.837038 0.491664
3.837048 0.958993
3.837058 0.150894
3.837068 0.491623
3.837078 0.958998
3.837088 0.150878
3.837098 0.491585
3.837108 0.959003
3.837118 0.150862
3.837128 0.491544
3.837138 0.959008
3.837148 0.150846
3.837158 0.491505
3.837168 0.959013
3.837178 0.150830
3.837188 0.491466
3.837198 0.959017
3.837208 0.150814
3.837218 0.491427
3.837228 0.959022
3.837238 0.150797
3.837248 0.491386
3.837258 0.959027
3.837268 0.150781
3.837278 0.491348
3.837288 0.959032
3.837298 0.150765
3.837308 0.491307
3.837318 0.959037
3.837328 0.150749
3.837338 0.491269
3.837348 0.959042
3.837358 0.150733
3.837368 0.491230
3.837378 0.959047
3.837388 0.150717
3.837398 0.491191
3.837408 0.959052
3.837418 0.150701
3.837428 0.491151
3.837438 0.959057
3.837448 0.150685
3.837458 0.491113
3.837468 0.959062
3.837478 0.150669
3.837488 0.491073
3.837498 0.959066
3.837508 0.150654
3.837518 0.491036
3.837528 0.959071
3.837538 0.150637
3.837548 0.490995
3.837558 0.959076
3.837568 0.150621
3.837578 0.490957
3.837588 0.959081
3.837598 0.150605
3.837608 0.490919
3.837618 0.959086
3.837628 0.150590
3.837638 0.490881
3.837648 0.959090
3.837658 0.150574
3.837668 0.490841
3.837678 0.959095
3.837688 0.150558
3.837698 0.490803
3.837708 0.959100
3.837718 0.150542
3.837729 0.490765
3.837739 0.959105
3.837749 0.150527
3.837759 0.490727
3.837769 0.959110
3.837779 0.150511
3.837789 0.490689
3.837799 0.959114
3.837809 0.150495
3.837819 0.490650
3.837829 0.959119
3.837839 0.150480
3.837849 0.490612
3.837859 0.959124
3.837869 0.150464
3.837879 0.490574
3.837889 0.959129
3.837899 0.150449
3.837909 0.490536
3.837919 0.959133
3.837929 0.150433
3.837939 0.490498
3.837949 0.959138
3.837959 0.150417
3.837969 0.490460
3.837979 0.959143
3.837989 0.150402
3.837999 0.490424
3.838009 0.959148
3.838019 0.150386
3.838029 0.490384
3.838039 0.959152
3.838049 0.150371
3.838059 0.490348
3.838069 0.959157
3.838079 0.150355
3.838089 0.490309
3.838099 0.959162
3.838109 0.150340
3.838119 0.490272
3.838129 0.959167
3.838139 0.150324
3.838149 0.490234
3.838159 0.959171
3.838169 0.150309
3.838179 0.490197
3.838189 0.959176
3.838199 0.150294
3.838209 0.490159
3.838219 0.959181
3.838229 0.150278
3.838239 0.490122
3.838249 0.959185
3.838259 0.150263
3.838269 0.490085
3.838279 0.959190
3.838289 0.150248
3.838299 0.490048
3.838309 0.959195
3.838319 0.150233
3.838329 0.490011
3.838339 0.959199
3.838349 0.150217
3.838359 0.489974
3.838369 0.959204
3.838379 0.150202
3.838389 0.489936
3.838399 0.959209
3.838409 0.150187
3.838419 0.489899
3.838429 0.959213
3.838439 0.150172
3.838449 0.489862
3.838459 0.959218
3.838470 0.150157
3.838480 0.489825
3.838490 0.959222
3.838500 0.150141
3.838510 0.489788
3.838520 0.959227
3.838530 0.150126
3.838540 0.489751
3.838550 0.959232
3.838560 0.150111
3.838570 0.489715
3.838580 0.959236
3.838590 0.150096
3.838600 0.489679
3.838610 0.959241
3.838620 0.150081
3.838630 0.489640
3.838640 0.959245
3.838650 0.150066
3.838660 0.489606
3.838670 0.959250
3.838680 0.150050
3.838690 0.489567
3.838700 0.959255
3.838710 0.150036
3.838720 0.489532
3.838730 0.959259
3.838740 0.150021
3.838750 0.489496
3.838760 0.959264
3.838770 0.150006
3.838780 0.489459
3.838790 0.959268
3.838800 0.149991
3.838810 0.489424
3.838820 0.959273
3.838830 0.149976
3.838840 0.489386
3.838850 0.959278
3.838860 0.149961
3.838870 0.489351
3.838880 0.959282
3.838890 0.149946
3.838900 0.489314
3.838910 0.959287
3.838920 0.149932
3.838930 0.489279
3.838940 0.959291
3.838950 0.149916
3.838960 0.489242
3.838970 0.959296
3.838980 0.149902
3.838990 0.489207
3.839000 0.959300
3.839010 0.149887
3.839020 0.489170
3.839030 0.959305
3.839040 0.149873
3.839050 0.489135
3.839060 0.959309
3.839070 0.149857
3.839080 0.489097
3.839090 0.959314
3.839100 0.149843
3.839110 0.489064
3.839120 0.959318
3.839130 0.149828
3.839140 0.489026
3.839150 0.959323
3.839160 0.149814
3.839170 0.488993
3.839180 0.959327
3.839190 0.149798
3.839200 0.488955
3.839211 0.959332
3.839221 0.149784
3.839231 0.488920
3.839241 0.959336
3.839251 0.149769
3.839261 0.488885
3.839271 0.959341
3.839281 0.149755
3.839291 0.488849
3.839301 0.959345
3.839311 0.149740
3.839321 0.488813
3.839331 0.959350
3.839341 0.149726
3.839351 0.488779
3.839361 0.959354
3.839371 0.149711
3.839381 0.488743
3.839391 0.959359
3.839401 0.149696
3.839411 0.488707
3.839421 0.959363
3.839431 0.149682
3.839441 0.488673
3.839451 0.959368
3.839461 0.149667
3.839471 0.488637
3.839481 0.959372
3.839491 0.149653
3.839501 0.488602
3.839511 0.959376
3.839521 0.149639
3.839531 0.488567
3.839541 0.959381
3.839551 0.149624
3.839561 0.488532
3.839571 0.959385
3.839581 0.149609
3.839591 0.488496
3.839601 0.959390
3.839611 0.149596
3.839621 0.488463
3.839631 0.959394
3.839641 0.149581
3.839651 0.488426
3.839661 0.959398
3.839671 0.149567
3.839681 0.488392
3.839691 0.959403
3.839701 0.149552
3.839711 0.488356
3.839721 0.959407
3.839731 0.149538
3.839741 0.488324
3.839751 0.959412
3.839761 0.149523
3.839771 0.488287
3.839781 0.959416
3.839791 0.149509
3.839801 0.488253
3.839811 0.959421
3.839821 0.149495
3.839831 0.488218
3.839841 0.959425
3.839851 0.149481
3.839861 0.488185
3.839871 0.959429
3.839881 0.149466
3.839891 0.488148
3.839901 0.959434
3.839911 0.149452
3.839921 0.488115
3.839931 0.959438
3.839942 0.149437
3.839952 0.488079
3.839962 0.959442
3.839972 0.149424
3.839982 0.488047
3.839992 0.959447
3.840002 0.149409
3.840012 0.488011
3.840022 0.959451
3.840032 0.149396
3.840042 0.487978
3.840052 0.959455
3.840062 0.149381
3.840072 0.487943
3.840082 0.959460
3.840092 0.149367
3.840102 0.487908
3.840112 0.959464
3.840122 0.149353
3.840132 0.487875
3.840142 0.959468
3.840152 0.149339
3.840162 0.487840
3.840172 0.959473
3.840182 0.149325
3.840192 0.487806
3.840202 0.959477
3.840212 0.149310
3.840222 0.487772
3.840232 0.959481
3.840242 0.149297
3.840252 0.487738
3.840262 0.959486
3.840272 0.149282
3.840282 0.487703
3.840292 0.959490
3.840302 0.149269
3.840312 0.487671
3.840322 0.959494
3.840332 0.149254
3.840342 0.487635
3.840352 0.959498
3.840362 0.149241
3.840372 0.487603
3.840382 0.959503
3.840392 0.149226
3.840402 0.487568
3.840412 0.959507
3.840422 0.149213
3.840432 0.487535
3.840442 0.959511
3.840452 0.149199
3.840462 0.487501
3.840472 0.959516
3.840482 0.149185
3.840492 0.487467
3.840502 0.959520
3.840512 0.149171
3.840522 0.487434
3.840532 0.959524
3.840542 0.149157
3.840552 0.487400
3.840562 0.959528
3.840572 0.149143
3.840582 0.487367
3.840592 0.959533
3.840602 0.149129
3.840612 0.487333
3.840622 0.959537
3.840632 0.149116
3.840642 0.487300
3.840652 0.959541
3.840662 0.149101
3.840672 0.487265
3.840683 0.959545
3.840693 0.149088
3.840703 0.487233
3.840713 0.959550
3.840723 0.149074
3.840733 0.487199
3.840743 0.959554
3.840753 0.149061
3.840763 0.487167
3.840773 0.959558
3.840783 0.149046
3.840793 0.487132
3.840803 0.959562
3.840813 0.149033
3.840823 0.487100
3.840833 0.959567
3.840843 0.149019
3.840853 0.487066
3.840863 0.959571
3.840873 0.149006
3.840883 0.487034
3.840893 0.959575
3.840903 0.148992
3.840913 0.487001
3.840923 0.959579
3.840933 0.148978
3.840943 0.486967
3.840953 0.959583
3.840963 0.148964
3.840973 0.486933
3.840983 0.959587
3.840993 0.148951
3.841003 0.486902
3.841013 0.959592
3.841023 0.148937
3.841033 0.486867
3.841043 0.959596
3.841053 0.148924
3.841063 0.486837
3.841073 0.959600
3.841083 0.148909
3.841093 0.486800
3.841103 0.959604
3.841113 0.148897
3.841123 0.486772
3.841133 0.959609
3.841143 0.148882
3.841153 0.486735
3.841163 0.959612
3.841173 0.148870
3.841183 0.486706
3.841193 0.959617
3.841203 0.148855
3.841213 0.486670
3.841223 0.959621
3.841233 0.148842
3.841243 0.486639
3.841253 0.959625
3.841263 0.148828
3.841273 0.486605
3.841283 0.959629
3.841293 0.148815
3.841303 0.486574
3.841313 0.959633
3.841323 0.148801
3.841333 0.486540
3.841343 0.959637
3.841353 0.148788
3.841363 0.486509
3.841373 0.959642
3.841383 0.148775
3.841393 0.486475
3.841403 0.959646
3.841413 0.148761
3.841424 0.486443
3.841434 0.959650
3.841444 0.148748
3.841454 0.486411
3.841464 0.959654
3.841474 0.148734
3.841484 0.486379
3.841494 0.959658
3.841504 0.148721
3.841514 0.486346
3.841524 0.959662
3.841534 0.148708
3.841544 0.486314
3.841554 0.959666
3.841564 0.148694
3.841574 0.486282
3.841584 0.959670
3.841594 0.148681
3.841604 0.486250
3.841614 0.959674
3.841624 0.148668
3.841634 0.486218
3.841644 0.959679
3.841654 0.148654
3.841664 0.486184
3.841674 0.959683
3.841684 0.148641
3.841694 0.486154
3.841704 0.959687
3.841714 0.148627
3.841724 0.486120
3.841734 0.959691
3.841744 0.148615
3.841754 0.486090
3.841764 0.959695
3.841774 0.148601
3.841784 0.486056
3.841794 0.959699
3.841804 0.148588
3.841814 0.486026
3.841824 0.959703
3.841834 0.148574
3.841844 0.485992
3.841854 0.959707
3.841864 0.148562
3.841874 0.485963
3.841884 0.959712
3.841894 0.148548
3.841904 0.485927
3.841914 0.959715
3.841924 0.148536
3.841934 0.485900
3.841944 0.959720
3.841954 0.148521
3.841964 0.485864
3.841974 0.959723
3.841984 0.148509
3.841994 0.485836
3.842004 0.959728
3.842014 0.148495
3.842024 0.485801
3.842034 0.959731
3.842044 0.148483
3.842054 0.485772
3.842064 0.959736
3.842074 0.148469
3.842084 0.485737
3.842094 0.959740
3.842104 0.148457
3.842114 0.485709
3.842124 0.959744
3.842134 0.148443
3.842144 0.485674
3.842155 0.959748
3.842165 0.148431
3.842175 0.485646
3.842185 0.959752
3.842195 0.148416
3.842205 0.485610
3.842215 0.959756
3.842225 0.148405
3.842235 0.485584
3.842245 0.959760
3.842255 0.148390
3.842265 0.485547
3.842275 0.959764
3.842285 0.148379
3.842295 0.485521
3.842305 0.959768
3.842315 0.148364
3.842325 0.485483
3.842335 0.959772
3.842345 0.148353
3.842355 0.485459
3.842365 0.959776
3.842375 0.148338
3.842385 0.485421
3.842395 0.959779
3.842405 0.148327
3.842415 0.485397
3.842425 0.959784
3.842435 0.148311
3.842445 0.485357
3.842455 0.959787
3.842465 0.148302
3.842475 0.485336
3.842485 0.959792
3.842495 0.148285
3.842505 0.485293
3.842515 0.959795
3.842525 0.148277
3.842535 0.485275
3.842545 0.959801
3.842555 0.148259
3.842565 0.485230
3.842575 0.959803
3.842585 0.148251
3.842595 0.485213
3.842605 0.959809
3.842615 0.148233
3.842625 0.485167
3.842635 0.959811
3.842645 0.148226
3.842655 0.485153
3.842665 0.959817
3.842675 0.148206
3.842685 0.485103
3.842695 0.959819
3.842705 0.148201
3.842715 0.485093
3.842725 0.959825
3.842735 0.148180
3.842745 0.485039
3.842755 0.959826
3.842765 0.148176
3.842775 0.485033
3.842785 0.959833
3.842795 0.148153
3.842805 0.484975
3.842815 0.959834
3.842825 0.148152
3.842835 0.484975
3.842845 0.959841
3.842855 0.148126
3.842865 0.484909
3.842875 0.959841
3.842885 0.148128
3.842896 0.484919
3.842906 0.959850
3.842916 0.148099
3.842926 0.484843
3.842936 0.959849
3.842946 0.148104
3.842956 0.484861
3.842966 0.959858
3.842976 0.148071
3.842986 0.484776
3.842996 0.959856
3.843006 0.148081
3.843016 0.484806
3.843026 0.959867
3.843036 0.148043
3.843046 0.484708
3.843056 0.959863
3.843066 0.148059
3.843076 0.484755
3.843086 0.959876
3.843096 0.148014
3.843106 0.484637
3.843116 0.959869
3.843126 0.148038
3.843136 0.484704
3.843146 0.959885
3.843156 0.147984
3.843166 0.484563
3.843176 0.959876
3.843186 0.148017
3.843196 0.484657
3.843206 0.959894
3.843216 0.147953
3.843226 0.484487
3.843236 0.959882
3.843246 0.147999
3.843256 0.484614
3.843266 0.959904
3.843276 0.147920
3.843286 0.484405
3.843296 0.959887
3.843306 0.147982
3.843316 0.484578
3.843326 0.959915
3.843336 0.147885
3.843346 0.484317
3.843356 0.959891
3.843366 0.147969
3.843376 0.484549
3.843386 0.959926
3.843396 0.147846
3.843406 0.484220
3.843416 0.959894
3.843426 0.147960
3.843436 0.484533
3.843446 0.959940
3.843456 0.147802
3.843466 0.484108
3.843476 0.959896
3.843486 0.147958
3.843496 0.484534
3.843506 0.959955
3.843516 0.147751
3.843526 0.483978
3.843536 0.959895
3.843546 0.147964
3.843556 0.484557
3.843566 0.959973
3.843576 0.147690
3.843586 0.483821
3.843596 0.959891
3.843606 0.147981
3.843616 0.484612
3.843626 0.959994
3.843637 0.147617
3.843647 0.483629
3.843657 0.959881
3.843667 0.148015
3.843677 0.484713
3.843687 0.960021
3.843697 0.147524
3.843707 0.483385
3.843717 0.959866
3.843727 0.148074
3.843737 0.484879
3.843747 0.960055
3.843757 0.147404
3.843767 0.483069
3.843777 0.959840
3.843787 0.148168
3.843797 0.485139
3.843807 0.960100
3.843817 0.147247
3.843827 0.482651
3.843837 0.959800
3.843847 0.148311
3.843857 0.485535
3.843867 0.960160
3.843877 0.147039
3.843887 0.482093
3.843897 0.959739
3.843907 0.148528
3.843917 0.486129
3.843927 0.960240
3.843937 0.146759
3.843947 0.481341
3.843957 0.959648
3.843967 0.148851
3.843977 0.487008
3.843987 0.960345
3.843997 0.146387
3.844007 0.480339
3.844017 0.959516
3.844027 0.149322
3.844037 0.488287
3.844047 0.960482
3.844057 0.145906
3.844067 0.479037
3.844077 0.959328
3.844087 0.149989
3.844097 0.490091
3.844107 0.960647
3.844117 0.145325
3.844127 0.477460
3.844137 0.959079
3.844147 0.150870
3.844157 0.492466
3.844167 0.960821
3.844177 0.144709
3.844187 0.475788
3.844197 0.958793
3.844207 0.151879
3.844217 0.495179
3.844227 0.960965
3.844237 0.144202
3.844247 0.474408
3.844257 0.958544
3.844267 0.152761
3.844277 0.497544
3.844287 0.961046
3.844297 0.143916
3.844307 0.473634
3.844317 0.958404
3.844327 0.153255
3.844337 0.498870
3.844347 0.961080
3.844357 0.143800
3.844368 0.473324
3.844378 0.958356
3.844388 0.153427
3.844398 0.499337
3.844408 0.961098
3.844418 0.143738
3.844428 0.473161
3.844438 0.958338
3.844448 0.153495
3.844458 0.499526
3.844468 0.961114
3.844478 0.143684
3.844488 0.473020
3.844498 0.958323
3.844508 0.153548
3.844518 0.499674
3.844528 0.961129
3.844538 0.143632
3.844548 0.472884
3.844558 0.958310
3.844568 0.153597
3.844578 0.499813
3.844588 0.961144
3.844598 0.143579
3.844608 0.472749
3.844618 0.958297
3.844628 0.153646
3.844638 0.499952
3.844648 0.961159
3.844658 0.143528
3.844668 0.472616
3.844678 0.958284
3.844688 0.153694
3.844698 0.500088
3.844708 0.961174
3.844718 0.143477
3.844728 0.472484
3.844738 0.958271
3.844748 0.153742
3.844758 0.500223
3.844768 0.961189
3.844778 0.143427
3.844788 0.472352
3.844798 0.958258
3.844808 0.153790
3.844818 0.500359
3.844828 0.961204
3.844838 0.143377
3.844848 0.472223
3.844858 0.958246
3.844868 0.153837
3.844878 0.500490
3.844888 0.961219
3.844898 0.143327
3.844908 0.472095
3.844918 0.958233
3.844928 0.153883
3.844938 0.500622
3.844948 0.961233
3.844958 0.143278
3.844968 0.471967
3.844978 0.958221
3.844988 0.153929
3.844998 0.500753
3.845008 0.961247
3.845018 0.143230
3.845028 0.471841
3.845038 0.958208
3.845048 0.153975
3.845058 0.500882
3.845068 0.961262
3.845078 0.143182
3.845088 0.471717
3.845098 0.958196
3.845109 0.154020
3.845119 0.501009
3.845129 0.961276
3.845139 0.143134
3.845149 0.471593
3.845159 0.958184
3.845169 0.154065
3.845179 0.501136
3.845189 0.961290
3.845199 0.143086
3.845209 0.471470
3.845219 0.958172
3.845229 0.154109
3.845239 0.501262
3.845249 0.961304
3.845259 0.143039
3.845269 0.471348
3.845279 0.958161
3.845289 0.154153
3.845299 0.501386
3.845309 0.961317
3.845319 0.142993
3.845329 0.471228
3.845339 0.958149
3.845349 0.154196
3.845359 0.501508
3.845369 0.961331
3.845379 0.142947
3.845389 0.471109
3.845399 0.958138
3.845409 0.154239
3.845419 0.501631
3.845429 0.961344
3.845439 0.142901
3.845449 0.470991
3.845459 0.958126
3.845469 0.154282
3.845479 0.501752
3.845489 0.961358
3.845499 0.142855
3.845509 0.470873
3.845519 0.958115
3.845529 0.154324
3.845539 0.501872
3.845549 0.961371
3.845559 0.142810
3.845569 0.470756
3.845579 0.958103
3.845589 0.154366
3.845599 0.501993
3.845609 0.961385
3.845619 0.142766
3.845629 0.470641
3.845639 0.958092
3.845649 0.154408
3.845659 0.502111
3.845669 0.961398
3.845679 0.142721
3.845689 0.470526
3.845699 0.958081
3.845709 0.154449
3.845719 0.502228
3.845729 0.961411
3.845739 0.142677
3.845749 0.470412
3.845759 0.958071
3.845769 0.154490
3.845779 0.502344
3.845789 0.961424
3.845799 0.142633
3.845809 0.470299
3.845819 0.958060
3.845829 0.154530
3.845840 0.502460
3.845850 0.961437
3.845860 0.142590
3.845870 0.470187
3.845880 0.958049
3.845890 0.154570
3.845900 0.502573
3.845910 0.961449
3.845920 0.142546
3.845930 0.470075
3.845940 0.958038
3.845950 0.154610
3.845960 0.502689
3.845970 0.961462
3.845980 0.142504
3.845990 0.469965
3.846000 0.958028
3.846010 0.154649
3.846020 0.502800
3.846030 0.961475
3.846040 0.142461
3.846050 0.469855
3.846060 0.958017
3.846070 0.154689
3.846080 0.502912
3.846090 0.961487
3.846100 0.142418
3.846110 0.469745
3.846120 0.958007
3.846130 0.154728
3.846140 0.503024
3.846150 0.961500
3.846160 0.142376
3.846170 0.469637
3.846180 0.957997
3.846190 0.154766
3.846200 0.503135
3.846210 0.961512
3.846220 0.142335
3.846230 0.469529
3.846240 0.957986
3.846250 0.154805
3.846260 0.503245
3.846270 0.961524
3.846280 0.142293
3.846290 0.469423
3.846300 0.957976
3.846310 0.154843
3.846320 0.503353
3.846330 0.961537
3.846340 0.142252
3.846350 0.469316
3.846360 0.957966
3.846370 0.154881
3.846380 0.503462
3.846390 0.961549
3.846400 0.142211
3.846410 0.469211
3.846420 0.957956
3.846430 0.154918
3.846440 0.503569
3.846450 0.961561
3.846460 0.142170
3.846470 0.469106
3.846480 0.957946
3.846490 0.154956
3.846500 0.503678
3.846510 0.961573
3.846520 0.142130
3.846530 0.469002
3.846540 0.957937
3.846550 0.154992
3.846560 0.503782
3.846570 0.961585
3.846581 0.142089
3.846591 0.468898
3.846601 0.957927
3.846611 0.155031
3.846621 0.503891
3.846631 0.961597
3.846641 0.142050
3.846651 0.468796
3.846661 0.957917
3.846671 0.155066
3.846681 0.503994
3.846691 0.961609
3.846701 0.142009
3.846711 0.468693
3.846721 0.957907
3.846731 0.155103
3.846741 0.504099
3.846751 0.961621
3.846761 0.141970
3.846771 0.468592
3.846781 0.957898
3.846791 0.155139
3.846801 0.504202
3.846811 0.961632
3.846821 0.141930
3.846831 0.468490
3.846841 0.957888
3.846851 0.155175
3.846861 0.504306
3.846871 0.961644
3.846881 0.141892
3.846891 0.468390
3.846901 0.957879
3.846911 0.155211
3.846921 0.504408
3.846931 0.961655
3.846941 0.141853
3.846951 0.468290
3.846961 0.957870
3.846971 0.155246
3.846981 0.504510
3.846991 0.961667
3.847001 0.141814
3.847011 0.468190
3.847021 0.957860
3.847031 0.155281
3.847041 0.504611
3.847051 0.961678
3.847061 0.141775
3.847071 0.468092
3.847081 0.957851
3.847091 0.155316
3.847101 0.504712
3.847111 0.961690
3.847121 0.141737
3.847131 0.467993
3.847141 0.957842
3.847151 0.155352
3.847161 0.504813
3.847171 0.961701
3.847181 0.141699
3.847191 0.467896
3.847201 0.957833
3.847211 0.155385
3.847221 0.504911
3.847231 0.961713
3.847241 0.141661
3.847251 0.467798
3.847261 0.957823
3.847271 0.155421
3.847281 0.505013
3.847291 0.961724
3.847301 0.141624
3.847311 0.467702
3.847322 0.957815
3.847332 0.155454
3.847342 0.505109
3.847352 0.961735
3.847362 0.141586
3.847372 0.467605
3.847382 0.957805
3.847392 0.155489
3.847402 0.505209
3.847412 0.961746
3.847422 0.141549
3.847432 0.467511
3.847442 0.957797
3.847452 0.155521
3.847462 0.505303
3.847472 0.961757
3.847482 0.141511
3.847492 0.467414
3.847502 0.957787
3.847512 0.155557
3.847522 0.505405
3.847532 0.961768
3.847542 0.141475
3.847552 0.467321
3.847562 0.957779
3.847572 0.155589
3.847582 0.505497
3.847592 0.961779
3.847602 0.141437
3.847612 0.467225
3.847622 0.957770
3.847632 0.155623
3.847642 0.505597
3.847652 0.961790
3.847662 0.141402
3.847672 0.467134
3.847682 0.957762
3.847692 0.155655
3.847702 0.505689
3.847712 0.961801
3.847722 0.141364
3.847732 0.467038
3.847742 0.957753
3.847752 0.155690
3.847762 0.505788
3.847772 0.961812
3.847782 0.141329
3.847792 0.466948
3.847802 0.957744
3.847812 0.155721
3.847822 0.505879
3.847832 0.961823
3.847842 0.141292
3.847852 0.466853
3.847862 0.957735
3.847872 0.155755
3.847882 0.505978
3.847892 0.961833
3.847902 0.141257
3.847912 0.466764
3.847922 0.957728
3.847932 0.155785
3.847942 0.506064
3.847952 0.961844
3.847962 0.141220
3.847972 0.466669
3.847982 0.957718
3.847992 0.155820
3.848002 0.506166
3.848012 0.961854
3.848022 0.141186
3.848032 0.466582
3.848042 0.957711
3.848053 0.155849
3.848063 0.506250
3.848073 0.961865
3.848083 0.141149
3.848093 0.466487
3.848103 0.957701
3.848113 0.155884
3.848123 0.506352
3.848133 0.961875
3.848143 0.141115
3.848153 0.466402
3.848163 0.957694
3.848173 0.155912
3.848183 0.506433
3.848193 0.961886
3.848203 0.141078
3.848213 0.466306
3.848223 0.957684
3.848233 0.155949
3.848243 0.506539
3.848253 0.961896
3.848263 0.141046
3.848273 0.466224
3.848283 0.957678
3.848293 0.155974
3.848303 0.506612
3.848313 0.961908
3.848323 0.141008
3.848333 0.466127
3.848343 0.957668
3.848353 0.156013
3.848363 0.506725
3.848373 0.961917
3.848383 0.140977
3.848393 0.466050
3.848403 0.957662
3.848413 0.156034
3.848423 0.506787
3.848433 0.961928
3.848443 0.140938
3.848453 0.465947
3.848463 0.957651
3.848473 0.156078
3.848483 0.506912
3.848493 0.961937
3.848503 0.140910
3.848513 0.465878
3.848523 0.957647
3.848533 0.156092
3.848543 0.506957
3.848553 0.961950
3.848563 0.140867
3.848573 0.465766
3.848583 0.957633
3.848593 0.156145
3.848603 0.507105
3.848613 0.961957
3.848623 0.140844
3.848633 0.465711
3.848643 0.957633
3.848653 0.156146
3.848663 0.507115
3.848673 0.961971
3.848683 0.140795
3.848693 0.465583
3.848703 0.957614
3.848713 0.156215
3.848723 0.507307
3.848733 0.961975
3.848743 0.140782
3.848753 0.465553
3.848763 0.957622
3.848773 0.156192
3.848783 0.507254
3.848794 0.961993
3.848804 0.140720
3.848814 0.465390
3.848824 0.957593
3.848834 0.156296
3.848844 0.507535
3.848854 0.961992
3.848864 0.140726
3.848874 0.465412
3.848884 0.957614
3.848894 0.156224
3.848904 0.507354
3.848914 0.962018
3.848924 0.140638
3.848934 0.465177
3.848944 0.957566
3.848954 0.156396
3.848964 0.507816
3.848974 0.962006
3.848984 0.140682
3.848994 0.465307
3.849004 0.957616
3.849014 0.156222
3.849024 0.507365
3.849034 0.962047
3.849044 0.140538
3.849054 0.464913
3.849064 0.957525
3.849074 0.156545
3.849084 0.508226
3.849094 0.962010
3.849104 0.140670
3.849114 0.465288
3.849124 0.957641
3.849134 0.156140
3.849144 0.507163
3.849154 0.962089
3.849164 0.140395
3.849174 0.464533
3.849184 0.957452
3.849194 0.156808
3.849204 0.508939
3.849214 0.961993
3.849224 0.140735
3.849234 0.465482
3.849244 0.957722
3.849254 0.155858
3.849264 0.506431
3.849274 0.962157
3.849284 0.140156
3.849294 0.463887
3.849304 0.957303
3.849314 0.157335
3.849324 0.510345
3.849334 0.961919
3.849344 0.141004
3.849354 0.466239
3.849364 0.957951
3.849374 0.155055
3.849384 0.504319
3.849394 0.962274
3.849404 0.139742
3.849414 0.462754
3.849424 0.957014
3.849434 0.158360
3.849444 0.513061
3.849454 0.961704
3.849464 0.141772
3.849474 0.468374
3.849484 0.958518
3.849494 0.153059
3.849504 0.499018
3.849514 0.962372
3.849524 0.139398
3.849535 0.461812
3.849545 0.956770
3.849555 0.159223
3.849565 0.515344
3.849575 0.961485
3.849585 0.142557
3.849595 0.470552
3.849605 0.959060
3.849615 0.151149
3.849625 0.493918
3.849635 0.962264
3.849645 0.139789
3.849655 0.462912
3.849665 0.957118
3.849675 0.158001
3.849685 0.512149
3.849695 0.961853
3.849705 0.141252
3.849715 0.466970
3.849725 0.958229
3.849735 0.154091
3.849745 0.501801
3.849755 0.962424
3.849765 0.139224
3.849775 0.461358
3.849785 0.956695
3.849795 0.159495
3.849805 0.516088
3.849815 0.961455
3.849825 0.142672
3.849835 0.470899
3.849845 0.959198
3.849855 0.150670
3.849865 0.492662
3.849875 0.962259
3.849885 0.139815
3.849895 0.463012
3.849905 0.957207
3.849915 0.157700
3.849925 0.511386
3.849935 0.961982
3.849945 0.140802
3.849955 0.465753
3.849965 0.957973
3.849975 0.155001
3.849985 0.504254
3.849995 0.962427
3.850005 0.139222
3.850015 0.461381
3.850025 0.956762
3.850035 0.159270
3.850045 0.515532
3.850055 0.961583
3.850065 0.142227
3.850075 0.469702
3.850085 0.958985
3.850095 0.151436
3.850105 0.494750
3.850115 0.962420
3.850125 0.139250
3.850135 0.461473
3.850145 0.956819
3.850155 0.159074
3.850165 0.515034
3.850175 0.961671
3.850185 0.141917
3.850195 0.468862
3.850205 0.958816
3.850215 0.152038
3.850225 0.496378
3.850235 0.962506
3.850245 0.138949
3.850255 0.460651
3.850266 0.956602
3.850276 0.159841
3.850286 0.517061
3.850296 0.961451
3.850306 0.142704
3.850316 0.471046
3.850326 0.959351
3.850336 0.150150
3.850346 0.491322
3.850356 0.962296
3.850366 0.139699
3.850376 0.462748
3.850386 0.957251
3.850396 0.157564
3.850406 0.511093
3.850416 0.962128
3.850426 0.140302
3.850436 0.464428
3.850446 0.957737
3.850456 0.155855
3.850466 0.506582
3.850476 0.962450
3.850486 0.139158
3.850496 0.461260
3.850506 0.956845
3.850516 0.158997
3.850526 0.514878
3.850536 0.961779
3.850546 0.141546
3.850556 0.467882
3.850566 0.958667
3.850576 0.152577
3.850586 0.497869
3.850596 0.962629
3.850606 0.138523
3.850616 0.459510
3.850626 0.956341
3.850636 0.160775
3.850646 0.519552
3.850656 0.961190
3.850666 0.143646
3.850676 0.473676
3.850686 0.960001
3.850696 0.147864
3.850706 0.485189
3.850716 0.961832
3.850726 0.141365
3.850736 0.467405
3.850746 0.958593
3.850756 0.152846
3.850766 0.498612
3.850776 0.962684
3.850786 0.138333
3.850796 0.459003
3.850806 0.956227
3.850816 0.161184
3.850826 0.520643
3.850836 0.961066
3.850846 0.144093
3.850856 0.474925
3.850866 0.960293
3.850876 0.146836
3.850886 0.482418
3.850896 0.961531
3.850906 0.142441
3.850916 0.470394
3.850926 0.959354
3.850936 0.150164
3.850946 0.491436
3.850956 0.962454
3.850966 0.139159
3.850976 0.461321
3.850986 0.956983
3.850996 0.158533
3.851007 0.513723
3.851017 0.962026
3.851027 0.140684
3.851037 0.465558
3.851047 0.958191
3.851057 0.154277
3.851067 0.502470
3.851077 0.962743
3.851087 0.138133
3.851097 0.458482
3.851107 0.956136
3.851117 0.161516
3.851127 0.521552
3.851137 0.960993
3.851147 0.144362
3.851157 0.475699
3.851167 0.960515
3.851177 0.146059
3.851187 0.480341
3.851197 0.961308
3.851207 0.143244
3.851217 0.472640
3.851227 0.959921
3.851237 0.148166
3.851247 0.486076
3.851257 0.962065
3.851267 0.140555
3.851277 0.465230
3.851287 0.958163
3.851297 0.154385
3.851307 0.502787
3.851317 0.962797
3.851327 0.137951
3.851337 0.458001
3.851347 0.956041
3.851357 0.161860
3.851367 0.522479
3.851377 0.960896
3.851387 0.144716
3.851397 0.476700
3.851407 0.960758
3.851417 0.145205
3.851427 0.478039
3.851437 0.960999
3.851447 0.144350
3.851457 0.475704
3.851467 0.960591
3.851477 0.145802
3.851487 0.479677
3.851497 0.961281
3.851507 0.143352
3.851517 0.472974
3.851527 0.960066
3.851537 0.147664
3.851547 0.484753
3.851557 0.961991
3.851567 0.140828
3.851577 0.466023
3.851587 0.958448
3.851597 0.153392
3.851607 0.500178
3.851617 0.962902
3.851627 0.137588
3.851637 0.457023
3.851647 0.955795
3.851657 0.162734
3.851667 0.524796
3.851677 0.960549
3.851687 0.145959
3.851697 0.480132
3.851707 0.961404
3.851717 0.142923
3.851727 0.471821
3.851737 0.959873
3.851748 0.148355
3.851758 0.486653
3.851768 0.962253
3.851778 0.139904
3.851788 0.463488
3.851798 0.957812
3.851808 0.155644
3.851818 0.506202
3.851828 0.962806
3.851838 0.137935
3.851848 0.458019
3.851858 0.956173
3.851868 0.161415
3.851878 0.521391
3.851888 0.961207
3.851898 0.143630
3.851908 0.473784
3.851918 0.960330
3.851928 0.146745
3.851938 0.482304
3.851948 0.961778
3.851958 0.141601
3.851968 0.468206
3.851978 0.959098
3.851988 0.151109
3.851998 0.494114
3.852008 0.962866
3.852018 0.137729
3.852028 0.457464
3.852038 0.956037
3.852048 0.161901
3.852058 0.522681
3.852068 0.961033
3.852078 0.144255
3.852088 0.475521
3.852098 0.960714
3.852108 0.145389
3.852118 0.478629
3.852128 0.961270
3.852138 0.143414
3.852148 0.473221
3.852158 0.960274
3.852168 0.146950
3.852178 0.482891
3.852188 0.961917
3.852198 0.141116
3.852208 0.466897
3.852218 0.958831
3.852228 0.152064
3.852238 0.496709
3.852248 0.963018
3.852258 0.137196
3.852268 0.456004
3.852278 0.955611
3.852288 0.163410
3.852298 0.526635
3.852308 0.960342
3.852318 0.146718
3.852328 0.482278
3.852338 0.961872
3.852348 0.141281
3.852358 0.467370
3.852368 0.958988
3.852378 0.151513
3.852388 0.495251
3.852398 0.963010
3.852408 0.137228
3.852418 0.456112
3.852428 0.955684
3.852438 0.163158
3.852448 0.526001
3.852458 0.960508
3.852468 0.146134
3.852479 0.480707
3.852489 0.961686
3.852499 0.141951
3.852509 0.469237
3.852519 0.959481
3.852529 0.149775
3.852539 0.490589
3.852549 0.962793
3.852559 0.138007
3.852569 0.458304
3.852579 0.956444
3.852589 0.160493
3.852599 0.519078
3.852609 0.961747
3.852619 0.141735
3.852629 0.468655
3.852639 0.959372
3.852649 0.150166
3.852659 0.491659
3.852669 0.962897
3.852679 0.137643
3.852689 0.457303
3.852699 0.956149
3.852709 0.161537
3.852719 0.521822
3.852729 0.961345
3.852739 0.143170
3.852749 0.472626
3.852759 0.960300
3.852769 0.146882
3.852779 0.482781
3.852789 0.962052
3.852799 0.140656
3.852809 0.465695
3.852819 0.958668
3.852829 0.152662
3.852839 0.498389
3.852849 0.963200
3.852859 0.136568
3.852869 0.454319
3.852879 0.955177
3.852889 0.164956
3.852899 0.530717
3.852909 0.959589
3.852919 0.149407
3.852929 0.489646
3.852939 0.962819
3.852949 0.137929
3.852959 0.458133
3.852969 0.956486
3.852979 0.160362
3.852989 0.518789
3.852999 0.961887
3.853009 0.141252
3.853019 0.467370
3.853029 0.959152
3.853039 0.150958
3.853049 0.493844
3.853059 0.963116
3.853069 0.136873
3.853079 0.455197
3.853089 0.955536
3.853099 0.163707
3.853109 0.527518
3.853119 0.960360
3.853129 0.146684
3.853139 0.482288
3.853149 0.962076
3.853159 0.140585
3.853169 0.465541
3.853179 0.958717
3.853189 0.152504
3.853199 0.498012
3.853209 0.963285
3.853220 0.136278
3.853230 0.453547
3.853240 0.954993
3.853250 0.165618
3.853260 0.532476
3.853270 0.959251
3.853280 0.150619
3.853290 0.492961
3.853300 0.963132
3.853310 0.136827
3.853320 0.455098
3.853330 0.955561
3.853340 0.163629
3.853350 0.527348
3.853360 0.960455
3.853370 0.146354
3.853380 0.481418
3.853390 0.962014
3.853400 0.140813
3.853410 0.466203
3.853420 0.958951
3.853430 0.151686
3.853440 0.495849
3.853450 0.963294
3.853460 0.136254
3.853470 0.453511
3.853480 0.955039
3.853490 0.165466
3.853500 0.532117
3.853510 0.959400
3.853520 0.150100
3.853530 0.491594
3.853540 0.963110
3.853550 0.136912
3.853560 0.455364
3.853570 0.955712
3.853580 0.163107
3.853590 0.526026
3.853600 0.960787
3.853610 0.145185
3.853620 0.478257
3.853630 0.961583
3.853640 0.142357
3.853650 0.470495
3.853660 0.960058
3.853670 0.147775
3.853680 0.485323
3.853690 0.962590
3.853700 0.138774
3.853710 0.460577
3.853720 0.957438
3.853730 0.157041
3.853740 0.510152
3.853750 0.963038
3.853760 0.137178
3.853770 0.456132
3.853780 0.956026
3.853790 0.162014
3.853800 0.523210
3.853810 0.961374
3.853820 0.143108
3.853830 0.472585
3.853840 0.960561
3.853850 0.145996
3.853860 0.480503
3.853870 0.962000
3.853880 0.140882
3.853890 0.466451
3.853900 0.959135
3.853910 0.151054
3.853920 0.494214
3.853930 0.963351
3.853940 0.136066
3.853951 0.453038
3.853961 0.954988
3.853971 0.165667
3.853981 0.532700
3.853991 0.959374
3.854001 0.150211
3.854011 0.491955
3.854021 0.963253
3.854031 0.136419
3.854041 0.454038
3.854051 0.955369
3.854061 0.164335
3.854071 0.529274
3.854081 0.960215
3.854091 0.147234
3.854101 0.483906
3.854111 0.962527
3.854121 0.139013
3.854131 0.461294
3.854141 0.957759
3.854151 0.155927
3.854161 0.507259
3.854171 0.963337
3.854181 0.136124
3.854191 0.453230
3.854201 0.955117
3.854211 0.165224
3.854221 0.531592
3.854231 0.959709
3.854241 0.149036
3.854251 0.488811
3.854261 0.963080
3.854271 0.137045
3.854281 0.455820
3.854291 0.956047
3.854301 0.161961
3.854311 0.523142
3.854321 0.961513
3.854331 0.142630
3.854341 0.471334
3.854351 0.960418
3.854361 0.146524
3.854371 0.482005
3.854381 0.962345
3.854391 0.139673
3.854401 0.463160
3.854411 0.958369
3.854421 0.153782
3.854431 0.501587
3.854441 0.963598
3.854451 0.135201
3.854461 0.450670
3.854471 0.954236
3.854481 0.168325
3.854491 0.539595
3.854501 0.957580
3.854511 0.156572
3.854521 0.509017
3.854531 0.963317
3.854541 0.136209
3.854551 0.453510
3.854561 0.955307
3.854571 0.164572
3.854581 0.529958
3.854591 0.960186
3.854601 0.147357
3.854611 0.484303
3.854621 0.962703
3.854631 0.138404
3.854641 0.459657
3.854651 0.957387
3.854661 0.157260
3.854671 0.510855
3.854681 0.963214
3.854692 0.136583
3.854702 0.454577
3.854712 0.955722
3.854722 0.163121
3.854732 0.526217
3.854742 0.961033
3.854752 0.144353
3.854762 0.476121
3.854772 0.961492
3.854782 0.142722
3.854792 0.471642
3.854802 0.960598
3.854812 0.145903
3.854822 0.480368
3.854832 0.962220
3.854842 0.140135
3.854852 0.464497
3.854862 0.958854
3.854872 0.152086
3.854882 0.497108
3.854892 0.963688
3.854902 0.134895
3.854912 0.449861
3.854922 0.954037
3.854932 0.169040
3.854942 0.541485
3.854952 0.957101
3.854962 0.158279
3.854972 0.513585
3.854982 0.963032
3.854992 0.137244
3.855002 0.456463
3.855012 0.956443
3.855022 0.160597
3.855032 0.519680
3.855042 0.962265
3.855052 0.139981
3.855062 0.464095
3.855072 0.958796
3.855082 0.152300
3.855092 0.497710
3.855102 0.963753
3.855112 0.134672
3.855122 0.449256
3.855132 0.953854
3.855142 0.169690
3.855152 0.543172
3.855162 0.956603
3.855172 0.160044
3.855182 0.518249
3.855192 0.962512
3.855202 0.139107
3.855212 0.461684
3.855222 0.958143
3.855232 0.154613
3.855242 0.503910
3.855252 0.963752
3.855262 0.134681
3.855272 0.449300
3.855282 0.953908
3.855292 0.169507
3.855302 0.542727
3.855312 0.956787
3.855322 0.159399
3.855332 0.516579
3.855342 0.962773
3.855352 0.138179
3.855362 0.459116
3.855372 0.957396
3.855382 0.157256
3.855392 0.510940
3.855402 0.963387
3.855412 0.135991
3.855422 0.453000
3.855433 0.955339
3.855443 0.164497
3.855453 0.529884
3.855463 0.960420
3.855473 0.146560
3.855483 0.482242
3.855493 0.962655
3.855503 0.138607
3.855513 0.460328
3.855523 0.957810
3.855533 0.155801
3.855543 0.507107
3.855553 0.963691
3.855563 0.134909
3.855573 0.449977
3.855583 0.954245
3.855593 0.168340
3.855603 0.539789
3.855613 0.957797
3.855623 0.155853
3.855633 0.507256
3.855643 0.963705
3.855653 0.134861
3.855663 0.449852
3.855673 0.954219
3.855683 0.168434
3.855693 0.540042
3.855703 0.957741
3.855713 0.156052
3.855723 0.507798
3.855733 0.963696
3.855743 0.134896
3.855753 0.449961
3.855763 0.954284
3.855773 0.168212
3.855783 0.539487
3.855793 0.957934
3.855803 0.155376
3.855813 0.506012
3.855823 0.963814
3.855833 0.134478
3.855843 0.448796
3.855853 0.953851
3.855863 0.169731
3.855873 0.543377
3.855883 0.956713
3.855893 0.159684
3.855903 0.517403
3.855913 0.962808
3.855923 0.138075
3.855933 0.458896
3.855943 0.957468
3.855953 0.157024
3.855963 0.510404
3.855973 0.963573
3.855983 0.135343
3.855993 0.451248
3.856003 0.954834
3.856013 0.166295
3.856023 0.534602
3.856033 0.959389
3.856043 0.150238
3.856053 0.492287
3.856063 0.963784
3.856073 0.134594
3.856083 0.449150
3.856093 0.954050
3.856103 0.169046
3.856113 0.541665
3.856123 0.957334
3.856133 0.157504
3.856143 0.511696
3.856153 0.963508
3.856164 0.135583
3.856174 0.451942
3.856184 0.955137
3.856194 0.165238
3.856204 0.531901
3.856214 0.960127
3.856224 0.147630
3.856234 0.485249
3.856244 0.963219
3.856254 0.136619
3.856264 0.454860
3.856274 0.956208
3.856284 0.161477
3.856294 0.522150
3.856304 0.962181
3.856314 0.140325
3.856324 0.465201
3.856334 0.959411
3.856344 0.150172
3.856354 0.492147
3.856364 0.963851
3.856374 0.134366
3.856384 0.448541
3.856394 0.953884
3.856404 0.169639
3.856414 0.543220
3.856424 0.956900
3.856434 0.159049
3.856444 0.515808
3.856454 0.963147
3.856464 0.136883
3.856474 0.455627
3.856484 0.956525
3.856494 0.160370
3.856504 0.519284
3.856514 0.962692
3.856524 0.138511
3.856534 0.460183
3.856544 0.958019
3.856554 0.155103
3.856564 0.505386
3.856574 0.964029
3.856584 0.133734
3.856594 0.446783
3.856604 0.953226
3.856614 0.171950
3.856624 0.549116
3.856634 0.954852
3.856644 0.166257
3.856654 0.534592
3.856664 0.959549
3.856674 0.149697
3.856684 0.490907
3.856694 0.963852
3.856704 0.134372
3.856714 0.448597
3.856724 0.953988
3.856734 0.169290
3.856744 0.542377
3.856754 0.957260
3.856764 0.157792
3.856774 0.512539
3.856784 0.963587
3.856794 0.135323
3.856804 0.451285
3.856814 0.955048
3.856824 0.165577
3.856834 0.532865
3.856844 0.960043
3.856854 0.147951
3.856864 0.486200
3.856874 0.963482
3.856884 0.135703
3.856894 0.452366
3.856905 0.955472
3.856915 0.164093
3.856925 0.529038
3.856935 0.960979
3.856945 0.144629
3.856955 0.477149
3.856965 0.962225
3.856975 0.140194
3.856985 0.464919
3.856995 0.959500
3.857005 0.149883
3.857015 0.491453
3.857025 0.963972
3.857035 0.133954
3.857045 0.447457
3.857055 0.953613
3.857065 0.170618
3.857075 0.545804
3.857085 0.956176
3.857095 0.161624
3.857105 0.522642
3.857115 0.962299
3.857125 0.139935
3.857135 0.464218
3.857145 0.959345
3.857155 0.150436
3.857165 0.492964
3.857175 0.964100
3.857185 0.133501
3.857195 0.446192
3.857205 0.953131
3.857215 0.172310
3.857225 0.550114
3.857235 0.954619
3.857245 0.167101
3.857255 0.536844
3.857265 0.959077
3.857275 0.151389
3.857285 0.495547
3.857295 0.964245
3.857305 0.132987
3.857315 0.444753
3.857325 0.952555
3.857335 0.174326
3.857345 0.555212
3.857355 0.952578
3.857365 0.174250
3.857375 0.555025
3.857385 0.952665
3.857395 0.173947
3.857405 0.554268
3.857415 0.952991
3.857425 0.172808
3.857435 0.551402
3.857445 0.954167
3.857455 0.168695
3.857465 0.540959
3.857475 0.957895
3.857485 0.155581
3.857495 0.506779
3.857505 0.964197
3.857515 0.133167
3.857525 0.445286
3.857535 0.952833
3.857545 0.173365
3.857555 0.552823
3.857565 0.953625
3.857575 0.170597
3.857585 0.545823
3.857595 0.956297
3.857605 0.161222
3.857615 0.521662
3.857625 0.962594
3.857635 0.138902
3.857646 0.461405
3.857656 0.958665
3.857666 0.152865
3.857676 0.499557
3.857686 0.964418
3.857696 0.132379
3.857706 0.443076
3.857716 0.951926
3.857726 0.176540
3.857736 0.560811
3.857746 0.950168
3.857756 0.182659
3.857766 0.575944
3.857776 0.942192
3.857786 0.210118
3.857796 0.640272
3.857806 0.888542
3.857816 0.382057
3.857826 0.910790
3.857836 0.313456
3.857846 0.830211
3.857856 0.543805
3.857866 0.957061
3.857876 0.158539
3.857886 0.514658
3.857896 0.963643
3.857906 0.135163
3.857916 0.450967
3.857926 0.955204
3.857936 0.165079
3.857946 0.531732
3.857956 0.960602
3.857966 0.146008
3.857976 0.481048
3.857986 0.963108
3.857996 0.137077
3.858006 0.456350
3.858016 0.957151
3.858026 0.158229
3.858036 0.513861
3.858046 0.963768
3.858056 0.134721
3.858066 0.449738
3.858076 0.954770
3.858086 0.166608
3.858096 0.535694
3.858106 0.959608
3.858116 0.149540
3.858126 0.490668
3.858136 0.964195
3.858146 0.133193
3.858156 0.445433
3.858166 0.953051
3.858176 0.172632
3.858186 0.551065
3.858196 0.954486
3.858206 0.167610
3.858216 0.538285
3.858226 0.958899
3.858236 0.152059
3.858246 0.497471
3.858256 0.964537
3.858266 0.131974
3.858276 0.441990
3.858286 0.951585
3.858296 0.177754
3.858306 0.563918
3.858316 0.948813
3.858326 0.187385
3.858336 0.587515
3.858346 0.935034
3.858356 0.234378
3.858366 0.692362
3.858377 0.821820
3.858387 0.564990
3.858397 0.948300
3.858407 0.189166
3.858417 0.591811
3.858427 0.932081
3.858437 0.244263
3.858447 0.712262
3.858457 0.790768
3.858467 0.638397
3.858477 0.890713
3.858487 0.375597
3.858497 0.904908
3.858507 0.332023
3.858517 0.855754
3.858527 0.476292
3.858537 0.962463
3.858547 0.139401
3.858557 0.462904
3.858567 0.959329
3.858577 0.150548
3.858587 0.493447
3.858597 0.964481
3.858607 0.132186
3.858617 0.442631
3.858627 0.951955
3.858637 0.176482
3.858647 0.560799
3.858657 0.950398
3.858667 0.181902
3.858677 0.574223
3.858687 0.943412
3.858697 0.206000
3.858707 0.631145
3.858717 0.898311
3.858727 0.352488
3.858737 0.880717
3.858747 0.405379
3.858757 0.930139
3.858767 0.250745
3.858777 0.724954
3.858787 0.769424
3.858797 0.684591
3.858807 0.833216
3.858817 0.536248
3.858827 0.959634
3.858837 0.149477
3.858847 0.490589
3.858857 0.964370
3.858867 0.132592
3.858877 0.443814
3.858887 0.952537
3.858897 0.174460
3.858907 0.555772
3.858917 0.952724
3.858927 0.173811
3.858937 0.554145
3.858947 0.953421
3.858957 0.171373
3.858967 0.547989
3.858977 0.955855
3.858987 0.162835
3.858997 0.526056
3.859007 0.962129
3.859017 0.140609
3.859027 0.466315
3.859037 0.960378
3.859047 0.146844
3.859057 0.483464
3.859067 0.963709
3.859077 0.134966
3.859087 0.450549
3.859097 0.955335
3.859107 0.164669
3.859118 0.530831
3.859128 0.961111
3.859138 0.144241
3.859148 0.476355
3.859158 0.962629
3.859168 0.138830
3.859178 0.461387
3.859188 0.959041
3.859198 0.151596
3.859208 0.496349
3.859218 0.964750
3.859228 0.131240
3.859238 0.440015
3.859248 0.950923
3.859258 0.180104
3.859268 0.569884
3.859278 0.945969
3.859288 0.197254
3.859298 0.611098
3.859308 0.917190
3.859318 0.293124
3.859328 0.799660
3.859338 0.618279
3.859348 0.910842
3.859358 0.313412
3.859368 0.830476
3.859378 0.543343
3.859388 0.957594
3.859398 0.156720
3.859408 0.510053
3.859418 0.964462
3.859428 0.132282
3.859438 0.442999
3.859448 0.952320
3.859458 0.175246
3.859468 0.557827
3.859478 0.951961
3.859488 0.176498
3.859498 0.560963
3.859508 0.950531
3.859518 0.181482
3.859528 0.573317
3.859538 0.944136
3.859548 0.203565
3.859558 0.625735
3.859568 0.903873
3.859578 0.335346
3.859588 0.860258
3.859598 0.463977
3.859608 0.959891
3.859618 0.148595
3.859628 0.488298
3.859638 0.964378
3.859648 0.132589
3.859658 0.443894
3.859668 0.952765
3.859678 0.173701
3.859688 0.553975
3.859698 0.953678
3.859708 0.170508
3.859718 0.545898
3.859728 0.956799
3.859738 0.159542
3.859748 0.517545
3.859758 0.963749
3.859768 0.134848
3.859778 0.450296
3.859788 0.955409
3.859798 0.164437
3.859808 0.530328
3.859818 0.961402
3.859828 0.143231
3.859838 0.473662
3.859848 0.962282
3.859859 0.140095
3.859869 0.464990
3.859879 0.960236
3.859889 0.147381
3.859899 0.485032
3.859909 0.964110
3.859919 0.133561
3.859929 0.446679
3.859939 0.954008
3.859949 0.169362
3.859959 0.543013
3.859969 0.957848
3.859979 0.155846
3.859989 0.507811
3.859999 0.964762
